226 514 460 329 27 38 368 464 744 745 508 589 568 262 97 63 359 234 107 455 900 94 51 844 826 262 81 824 703 294 808 930
160 621 259 187 659 979 4 755 76 512 697 644 127 794 707 486 29 166 941 281 261 344 126 439 958 207 263 662 853 423 944 14
44 555 553 55 886 557 163 962 422 860 607 549 6 314 387 387 833 681 669 94 25 795 885 336 354 500 998 560 923 942 926 320
497 479 375 383 389 877 345 811 102 304 712 109 971 99 496 804 132 517 250 158 312 135 494 19 635 844 579 910 786 505 230 635
336 958 370 725 848 67 888 303 372 952 412 343 404 260 499 536 778 749 46 442 884 540 461 871 736 392 781 874 249 12 509 586
322 231 663 522 299 552 825 671 504 237 366 260 850 865 797 980 966 843 422 202 736 236 73 472 628 206 347 878 570 208 464 892
440 479 415 739 31 240 762 888 830 128 148 32 345 297 12 311 141 434 513 877 670 938 701 651 144 48 881 715 609 697 607 49
176 374 140 560 615 902 448 797 382 948 829 727 246 841 390 387 627 255 616 650 193 317 301 337 718 534 52 327 231 12 728 407
386 868 967 353 122 767 502 504 68 331 583 314 524 325 53 152 580 21 154 773 690 807 462 408 341 867 87 924 879 167 683 617
35 651 971 509 770 825 13 838 157 948 504 33 273 557 537 853 930 691 978 621 498 441 381 191 308 469 115 539 988 799 156 376
802 479 885 572 305 899 763 814 199 619 847 473 529 385 326 459 428 305 80 279 98 462 470 406 283 586 945 623 737 453 999 539
933 885 463 590 136 226 404 335 198 603 808 727 988 487 186 769 144 267 48 242 81 518 0 716 456 297 339 193 750 339 732 35
576 548 625 712 126 381 399 324 985 208 51 325 47 238 94 191 857 494 785 938 13 785 6 821 434 345 15 536 36 99 924 612
647 901 676 774 283 76 450 268 636 502 945 683 740 40 874 949 534 11 239 899 148 245 721 582 942 88 470 979 187 394 591 187
296 620 313 579 696 763 199 332 265 144 15 357 536 241 306 423 252 545 322 400 142 395 334 85 483 804 64 671 551 7 210 847
627 523 778 675 286 329 7 904 473 374 261 362 967 920 785 571 817 107 323 960 855 657 45 338 814 461 361 365 820 571 564 800
446 694 475 733 23 835 637 848 209 250 210 529 170 995 100 988 455 424 300 310 433 697 0 247 158 362 964 330 285 880 130 732
574 606 817 949 441 454 798 2 704 8 531 227 356 984 567 811 408 867 121 841 564 473 441 74 835 405 404 473 638 535 557 212
493 374 514 934 828 312 288 884 672 172 463 28 156 30 839 564 897 312 757 461 786 198 535 973 604 292 798 242 827 355 806 672
729 672 606 909 984 246 146 657 418 609 37 926 640 877 490 537 541 600 351 327 798 238 653 754 530 451 348 709 807 155 381 888
179 339 150 164 938 296 173 708 257 210 635 897 439 477 787 981 77 490 660 876 728 313 630 611 117 979 672 924 486 406 164 665
745 314 181 35 962 706 744 220 269 731 469 708 208 256 41 638 746 702 514 827 15 496 438 484 827 462 760 665 868 925 683 966
591 216 1 554 923 97 126 192 828 595 900 389 852 942 27 950 996 541 777 363 389 567 848 569 382 608 234 250 533 269 216 477
486 570 383 409 19 509 601 848 104 853 237 308 147 264 611 143 157 388 859 898 308 707 467 690 315 54 292 201 323 861 30 809
783 413 218 802 922 171 650 26 377 239 687 524 503 298 20 12 38 879 911 698 938 730 740 605 784 33 158 108 894 188 917 677
601 488 479 523 659 482 902 388 721 941 913 577 239 285 589 629 516 852 328 806 583 68 411 367 101 570 827 347 758 745 376 712
233 208 587 244 42 841 633 763 782 898 692 373 535 634 3 403 486 683 209 421 751 620 141 205 542 968 904 653 65 281 365 650
841 952 247 883 146 880 998 928 130 43 654 17 677 657 420 515 340 629 289 443 601 430 648 144 750 905 797 816 538 514 466 379
818 713 614 964 945 964 893 427 7 547 444 36 556 864 552 248 845 841 691 799 623 692 943 373 949 92 189 487 606 8 218 776
721 832 741 19 148 986 446 156 885 891 192 441 107 96 41 305 289 84 104 912 128 399 638 77 843 827 564 801 187 134 577 909
318 318 928 467 304 726 623 189 969 167 982 77 264 375 734 553 460 190 818 588 589 456 666 784 635 582 585 823 69 514 84 387
185 364 854 489 90 477 31 60 997 365 489 261 741 223 166 201 413 984 141 354 792 159 490 428 94 427 251 163 941 335 550 126
