420 341 56 963 475 553 545 314 23 576 872 498 475 36 498 278 123 983 259 444 256 537 255 463 729 168 920 484 909 715 94 681 56 502 644 883 408 542 549 431 118 422 929 593 810 779 223 285 114 835 729 370 724 985 834 454 153 106 938 414 821 385 447 229
887 91 464 647 633 13 78 104 435 360 49 598 139 625 883 606 460 613 976 536 950 162 990 455 268 929 869 89 666 316 670 553 759 134 553 745 148 631 201 935 343 250 885 483 875 769 89 687 734 417 224 684 580 214 139 848 495 360 290 161 28 312 67 139
447 620 884 947 603 85 234 947 688 472 782 915 241 223 603 327 640 179 11 572 745 502 421 593 214 63 106 594 375 525 733 174 497 970 473 101 55 60 400 95 532 182 11 773 757 614 452 397 145 463 970 890 317 743 835 883 158 942 477 885 467 562 60 965
532 885 418 940 945 818 35 477 352 46 602 461 12 54 210 509 869 180 400 538 275 235 421 433 529 250 319 997 813 731 314 697 616 732 637 914 902 25 743 606 71 698 67 436 752 277 945 974 810 697 864 437 285 638 223 814 240 542 163 405 625 477 103 593
561 92 859 463 117 603 421 541 301 488 329 405 118 274 731 928 324 596 717 609 234 940 775 474 834 939 232 459 768 335 405 330 427 264 793 897 867 567 790 520 55 119 926 525 745 657 805 421 605 523 30 191 463 158 18 298 449 250 109 217 585 514 547 364
779 693 613 998 0 755 871 667 874 797 193 972 806 998 393 764 521 776 955 337 934 973 635 735 575 744 952 512 611 852 229 390 897 842 740 509 598 611 528 824 760 73 796 919 72 542 683 945 318 638 282 604 964 269 691 891 366 995 404 977 847 633 719 96
827 459 957 777 423 486 602 535 559 750 454 983 292 137 281 962 128 563 918 444 185 609 335 551 605 739 528 804 724 247 253 552 58 210 329 481 48 283 17 960 34 823 943 678 961 224 993 441 140 911 885 677 873 220 228 830 312 108 634 388 355 239 940 765
802 622 599 850 905 968 810 291 791 106 322 752 682 315 545 174 578 430 851 451 3 431 281 667 539 268 55 246 507 348 12 661 322 611 512 579 579 674 223 370 132 545 475 167 860 20 341 790 451 545 242 806 976 875 473 868 495 880 114 355 580 126 16 902
737 528 482 316 555 705 39 687 602 514 206 462 534 548 604 337 445 846 143 773 74 968 641 569 849 756 924 429 882 941 684 972 821 166 288 728 223 327 768 825 193 974 639 728 522 243 65 319 442 561 93 516 529 734 437 730 490 714 512 725 655 196 697 828
362 337 557 937 17 325 762 210 299 401 290 174 996 356 845 438 269 938 306 798 25 744 881 867 458 393 592 465 589 641 645 303 331 554 240 348 879 354 910 531 107 201 57 103 909 902 894 178 193 200 328 218 296 209 85 754 954 30 571 543 671 569 198 354
123 438 702 3 144 613 886 251 814 295 707 723 197 601 253 742 801 581 960 450 791 398 204 97 428 128 641 451 697 839 806 820 630 860 175 126 825 413 378 991 708 437 714 258 38 319 0 191 901 313 641 44 711 198 141 491 678 134 942 375 326 100 547 308
313 723 434 138 488 164 130 197 601 196 455 639 516 455 183 769 768 824 813 831 374 306 322 52 441 617 427 767 69 327 75 382 402 509 873 890 674 3 87 627 551 542 267 419 350 802 188 470 626 353 302 1 660 976 405 101 593 185 220 663 512 647 397 914
156 270 804 182 625 244 810 177 138 429 596 488 231 137 311 209 490 613 562 150 589 968 603 535 153 823 198 17 470 947 931 979 218 87 513 843 331 675 372 822 456 969 662 39 106 973 249 948 938 163 99 528 483 54 415 988 878 965 5 700 912 288 31 130
376 897 326 59 572 698 881 381 19 544 420 477 869 21 426 808 537 877 688 20 931 103 9 161 68 14 214 980 655 245 463 31 494 141 442 419 839 676 800 211 572 572 688 441 594 466 249 131 343 937 503 275 40 512 788 460 879 2 793 534 600 256 917 94
397 711 513 588 387 665 799 959 238 840 753 832 306 2 315 650 292 818 277 684 683 65 145 914 420 938 448 20 546 717 466 295 428 980 883 168 997 35 479 235 875 232 419 181 587 734 183 879 905 460 563 588 878 60 502 298 350 302 670 896 371 136 543 151
468 779 319 466 814 799 53 41 31 473 574 970 207 758 849 464 570 413 52 448 825 906 98 176 560 120 424 931 609 968 83 77 747 754 895 913 553 949 306 937 422 880 907 981 990 109 446 561 874 850 361 699 109 812 227 669 932 652 953 541 972 36 971 719
142 866 984 48 167 290 337 941 522 244 923 513 705 721 426 579 571 787 631 680 599 858 702 884 510 655 777 482 43 748 553 185 967 889 233 134 531 570 76 54 167 351 919 224 72 345 804 995 132 435 28 84 293 730 320 156 737 97 990 780 846 544 317 813
785 903 299 317 825 727 723 344 430 642 569 502 987 373 850 119 160 878 555 805 960 875 961 49 973 952 829 171 848 498 336 633 401 635 302 579 715 25 923 145 667 492 0 654 217 850 126 377 80 681 183 392 557 496 441 882 800 622 53 648 120 389 634 874
376 936 453 443 962 376 589 981 221 941 636 438 143 762 816 575 443 351 967 352 847 760 234 648 382 639 648 854 380 282 728 109 571 533 552 885 262 493 866 483 434 854 273 577 616 89 152 412 792 471 116 640 231 703 640 965 342 288 820 75 923 900 184 494
786 736 731 48 582 597 883 16 452 156 946 420 598 450 184 390 922 653 30 505 356 22 823 50 311 643 125 234 895 661 80 681 750 811 81 332 408 316 700 212 825 646 985 423 449 521 813 723 174 196 580 882 218 403 933 881 46 410 115 294 72 547 327 822
358 409 506 119 77 206 683 902 205 668 325 654 542 491 729 68 39 309 951 257 713 236 491 111 998 958 405 70 506 733 244 864 494 102 983 571 309 667 474 866 687 799 520 581 642 601 650 681 910 953 291 623 189 782 735 187 740 140 610 246 873 206 463 719
309 798 291 970 465 765 836 505 916 708 86 559 309 88 240 219 41 531 195 230 665 930 770 758 70 732 356 296 938 819 15 599 618 658 569 435 423 757 292 340 817 731 251 126 819 843 698 861 727 893 443 392 823 565 150 245 297 859 893 588 678 261 187 648
919 109 436 695 866 80 387 684 811 638 162 983 481 212 196 208 105 639 953 280 557 455 878 206 314 123 794 345 736 982 993 8 443 781 703 661 862 442 697 25 80 860 8 913 72 204 474 530 196 427 162 753 882 392 959 549 516 106 894 604 88 239 612 883
21 315 544 235 757 242 260 189 454 621 455 878 825 929 408 21 708 923 126 942 315 438 491 183 544 737 788 984 977 400 867 998 68 763 585 177 5 197 367 459 818 174 338 644 103 98 17 163 21 496 105 689 934 949 872 830 686 12 814 663 413 33 13 833
796 950 10 154 148 729 613 966 903 303 962 6 402 980 521 775 828 979 464 762 928 689 944 614 701 110 630 466 143 995 299 291 946 310 797 94 39 411 412 943 66 375 301 468 707 823 244 535 802 60 649 82 749 593 48 803 703 30 269 198 26 569 841 324
879 639 418 270 402 182 213 468 557 867 937 264 42 533 799 196 945 448 278 47 393 678 850 96 709 119 646 735 688 488 59 919 127 829 190 529 11 755 349 921 622 638 185 664 171 337 212 469 137 842 516 883 521 366 979 230 485 626 317 526 466 728 445 593
909 635 474 272 391 823 193 365 462 731 382 985 68 594 806 557 437 322 440 958 40 772 540 526 750 209 404 216 937 849 161 198 837 987 470 580 162 664 945 976 395 327 314 815 274 120 724 63 795 517 373 835 641 913 713 391 474 117 959 411 319 120 961 156
459 431 736 621 447 33 598 194 713 912 361 987 384 86 402 179 955 775 15 596 688 80 339 162 198 298 925 517 418 238 25 229 669 113 850 117 146 448 663 211 712 25 550 97 463 952 628 418 727 995 366 767 76 705 281 274 3 206 143 773 444 520 2 466
633 204 935 131 653 598 343 717 975 245 166 438 198 795 208 925 142 574 693 218 631 326 844 634 533 987 759 329 507 113 147 492 318 82 624 323 33 319 40 8 564 559 447 114 706 7 40 848 582 85 67 213 411 911 200 296 251 311 978 110 425 125 603 95
560 579 418 593 250 810 601 814 369 400 929 427 408 321 276 342 758 343 907 521 606 459 170 857 771 500 968 548 625 923 643 537 502 61 130 752 871 84 918 593 836 199 20 244 872 296 938 982 991 846 856 950 305 26 159 76 526 479 976 503 402 619 41 256
680 523 360 904 959 279 497 796 830 869 392 55 518 331 37 861 177 893 811 482 271 971 911 797 802 887 653 205 507 46 813 539 569 174 795 881 805 644 677 987 514 69 42 32 752 80 245 929 325 57 764 597 380 27 746 182 914 399 739 773 797 553 665 719
79 460 600 236 105 629 223 971 50 266 355 803 698 600 84 23 657 848 972 389 875 71 924 142 822 663 267 620 568 932 339 999 745 939 235 850 920 459 821 970 77 176 773 775 128 858 150 786 58 475 527 286 546 451 428 368 467 47 340 387 980 31 387 77
322 974 927 242 785 100 213 862 628 986 989 756 196 492 894 255 967 422 541 865 225 321 585 44 720 926 432 52 957 171 129 280 145 408 522 931 508 87 145 488 74 135 245 622 627 139 229 946 913 122 811 491 795 396 535 516 674 967 568 984 490 698 264 988
106 138 271 967 226 416 455 652 903 700 626 530 192 856 476 457 978 639 948 774 36 484 642 62 803 210 46 646 260 310 634 719 801 257 686 379 673 141 383 577 194 9 459 738 217 288 547 196 927 496 322 315 332 964 378 487 526 424 133 787 87 767 506 888
24 192 619 50 685 2 979 231 363 790 321 581 78 869 129 358 717 451 673 49 767 403 536 293 828 22 432 267 789 938 155 166 482 126 568 520 128 899 103 491 689 777 424 120 646 553 478 363 356 503 764 475 907 652 121 87 674 553 354 816 844 861 334 678
987 902 550 467 801 654 958 842 431 735 962 429 288 440 144 997 296 908 472 555 912 593 994 587 147 700 755 343 561 89 21 900 991 572 367 144 578 677 986 9 412 301 790 53 93 934 50 389 194 522 296 458 116 290 45 615 990 800 958 903 241 979 803 584
903 522 728 481 200 67 842 612 720 632 17 813 918 67 555 112 590 851 571 58 142 968 673 484 121 631 740 362 962 543 299 866 66 379 347 618 446 542 230 166 174 600 332 93 667 887 557 609 738 128 667 232 449 340 69 922 323 809 284 638 352 583 856 770
963 555 388 761 97 971 280 272 571 612 365 238 851 274 848 589 403 867 174 204 560 243 126 235 52 762 873 756 698 729 879 13 285 267 774 382 590 406 6 513 370 723 752 221 998 952 163 753 171 337 957 731 932 83 967 336 197 192 444 895 922 323 908 559
943 35 293 533 793 300 399 164 23 151 737 21 455 252 774 978 941 83 710 873 518 29 561 716 221 6 611 495 681 872 406 976 907 700 862 700 352 261 216 375 412 306 749 219 558 875 197 500 959 259 725 829 288 639 545 862 645 509 357 678 381 764 655 640
816 517 692 168 778 909 895 542 567 644 113 125 872 310 977 183 922 55 12 562 694 910 424 339 419 134 369 152 250 24 792 66 541 484 234 319 745 129 861 312 126 326 790 350 637 119 533 911 174 897 473 868 807 250 207 226 736 929 378 986 953 522 52 495
359 286 166 104 767 380 769 245 706 911 595 695 30 128 958 205 378 784 73 185 34 633 412 770 562 142 756 515 665 160 362 24 446 881 480 565 613 601 811 319 864 758 367 247 239 325 452 617 109 877 802 495 862 566 265 424 709 373 292 726 533 6 102 331
887 934 249 500 888 412 172 752 170 539 999 409 864 803 26 326 33 829 821 895 395 439 320 456 812 964 182 698 322 284 381 210 571 630 62 459 42 586 563 565 477 915 974 694 70 1 20 103 830 841 999 577 632 671 34 445 635 568 495 957 205 228 519 776
211 934 587 605 872 150 170 350 65 145 44 488 146 64 591 328 257 590 257 890 261 291 687 248 860 182 558 65 762 77 193 973 363 780 579 236 282 749 586 700 894 630 188 392 46 779 72 303 370 330 193 983 973 880 232 185 414 142 602 177 571 795 502 935
575 81 523 210 183 109 910 429 91 98 822 489 877 246 792 599 576 338 583 902 218 167 87 985 309 690 514 880 485 16 167 413 450 690 623 633 151 533 62 594 631 236 83 860 483 876 460 411 214 43 313 784 562 401 121 871 91 635 103 928 4 271 693 454
961 316 87 465 201 501 59 184 738 143 45 573 371 505 984 585 900 298 721 462 51 195 685 494 830 788 422 186 59 116 640 373 784 79 838 986 581 897 522 671 392 567 244 763 424 228 700 676 878 774 490 281 969 175 775 799 316 550 338 727 666 978 100 802
410 290 140 991 540 663 662 932 582 258 696 7 486 748 35 717 522 526 998 491 701 774 643 369 676 981 97 342 311 197 496 721 840 637 64 380 300 726 312 882 984 360 241 823 109 277 892 983 155 890 475 208 16 470 578 692 451 675 386 114 224 883 836 64
520 900 444 172 979 109 406 315 469 0 490 930 629 382 914 784 273 741 992 641 211 570 686 14 597 424 480 822 307 316 238 179 569 683 351 548 144 110 215 613 110 706 896 739 88 810 523 713 903 867 707 466 790 393 832 387 817 312 561 477 981 800 8 550
835 360 450 979 822 665 944 932 723 840 23 812 2 898 877 257 765 584 723 555 977 555 295 147 220 856 976 201 8 984 103 195 696 905 174 518 570 471 802 646 663 825 458 666 723 335 923 489 920 999 396 249 906 691 748 126 900 76 679 908 61 134 104 757
39 630 628 962 453 430 608 117 256 66 135 331 753 410 172 25 409 569 627 668 612 375 794 864 452 826 125 865 960 581 974 0 211 602 962 17 385 570 134 641 988 621 324 93 383 497 119 793 418 746 461 382 473 607 247 277 433 372 142 746 953 117 746 516
71 60 533 456 630 19 449 970 992 774 63 376 623 534 521 41 280 334 423 754 941 22 383 727 394 526 473 699 995 571 216 66 631 749 875 613 121 324 583 113 450 998 489 73 533 362 466 165 696 242 271 638 264 655 717 659 533 542 358 528 113 926 946 96
28 821 709 149 498 644 614 948 642 456 374 527 818 840 693 515 82 316 505 347 323 574 358 856 116 68 736 581 995 683 677 23 856 386 524 706 382 138 7 24 946 381 904 765 573 949 632 8 265 137 707 589 63 65 797 179 485 534 112 832 569 789 207 425
527 731 484 909 222 491 285 168 224 541 285 797 490 917 805 108 406 512 49 469 929 846 0 767 732 112 599 301 253 807 79 780 890 563 41 112 406 679 633 630 220 270 427 63 540 585 171 298 97 572 768 379 770 120 146 503 585 745 156 838 904 587 971 795
502 12 259 908 691 244 538 264 515 318 327 55 903 850 705 0 422 825 379 192 946 877 47 531 623 556 721 879 143 692 674 646 57 934 554 748 178 445 364 45 763 691 452 666 541 158 666 315 983 398 860 281 627 259 812 602 815 534 482 959 578 156 957 635
442 511 736 621 956 100 18 719 792 471 737 685 981 756 353 964 506 213 246 133 472 410 736 288 296 218 599 875 374 556 862 817 419 598 790 376 699 160 447 843 631 185 880 964 941 233 929 447 446 527 932 271 289 668 559 586 886 510 813 613 66 675 782 485
274 924 213 325 84 661 168 68 198 400 32 491 634 313 290 432 840 222 703 130 891 614 68 129 124 881 742 190 908 876 28 534 800 241 859 237 254 379 305 804 780 689 295 766 3 937 198 195 160 254 677 403 868 745 532 345 978 627 535 887 503 915 421 304
157 633 893 763 12 198 568 144 239 215 910 242 153 109 790 313 715 467 716 583 213 600 280 543 227 168 782 731 83 204 387 592 189 280 356 201 830 924 346 69 139 608 664 292 69 454 957 784 921 25 720 486 626 0 30 853 168 812 936 252 368 323 196 557
603 552 111 433 828 809 855 968 417 519 612 487 973 922 623 894 947 343 381 925 696 763 131 864 575 67 468 944 391 665 853 346 569 964 132 398 125 987 718 543 506 330 382 831 604 5 77 904 349 810 829 45 573 960 261 501 380 82 797 771 747 650 469 316
967 601 714 92 940 432 635 798 115 17 981 71 375 59 975 724 869 157 121 795 469 734 296 849 816 93 620 915 743 442 584 710 395 650 155 688 435 790 486 902 160 468 973 535 879 301 611 748 458 84 543 927 818 839 777 987 284 749 902 28 543 486 90 939
137 245 627 572 388 465 826 900 285 799 787 164 100 750 265 910 834 160 838 4 0 967 991 636 68 246 664 612 732 107 903 221 704 530 145 444 347 971 696 633 123 483 149 223 585 414 134 771 575 324 776 927 643 119 563 711 365 580 675 450 687 578 671 743
460 169 188 808 140 884 441 615 720 590 839 657 357 325 429 932 1 205 211 644 676 126 355 42 706 383 492 745 961 515 489 422 684 29 230 177 265 23 792 337 965 983 995 322 660 424 606 661 981 817 305 657 296 13 699 2 396 543 100 357 59 589 131 95
970 361 624 587 384 417 925 350 752 920 24 413 696 631 426 29 800 732 686 96 97 738 451 845 281 551 554 692 492 686 140 462 47 764 49 784 533 326 486 286 598 862 51 294 845 477 323 646 561 362 94 658 100 897 855 733 448 410 778 292 96 918 106 495
34 156 631 568 834 117 206 433 980 257 79 825 86 755 823 648 117 270 658 569 167 514 654 968 924 432 260 372 702 719 867 737 875 499 305 61 968 511 494 300 120 574 126 206 329 301 206 798 571 217 367 91 731 373 411 7 806 23 731 860 742 598 597 969
449 254 31 418 117 525 70 589 451 196 796 132 850 354 282 773 571 1 864 654 375 275 661 533 299 392 393 393 343 343 363 144 597 394 914 67 271 985 656 75 533 804 559 383 159 842 157 82 843 373 737 570 649 750 103 300 495 849 693 190 544 408 334 141
802 249 560 74 234 217 501 767 373 60 503 532 902 660 967 98 33 56 20 34 806 476 686 653 325 732 843 869 140 178 362 295 779 275 721 365 492 222 132 865 282 987 750 537 647 69 987 33 125 7 67 283 483 106 937 160 838 132 29 330 662 744 625 441
